A = [1 1 -2;
     2 3 1;
     0 1 -1;
     ];
 B = [3; 0; 1];
 x = A\B