p1 = fcdf(2,5, 12);
p2 = 1 - tcdf(1, 10);
a = tinv(0.15, 100);
p3 = binocdf(2, 500, 0.02)